CS1
1     0.000000       328.206000
2     76.900000       328.300000
3     153.800000       327.391000
4     230.700000       327.391000
5     307.600000       326.703000
6     384.500000       326.501000
7     461.400000       326.751000
8     538.300000       327.488000
9     615.200000       327.488000
10     692.100000       328.165000
11     769.000000       328.165000
CS2
1     0.000000       327.924000
2     76.460000       327.924000
3     152.910000       327.148000
4     229.370000       327.148000
5     305.830000       326.646000
6     382.280000       326.387000
7     458.740000       326.387000
8     535.200000       327.052000
9     611.650000       326.997000
10     688.110000       329.382000
11     764.570000       328.167000
12     841.020000       329.711000
CS3
1     0.000000       325.266000
2     80.380000       325.266000
3     160.760000       325.256000
4     241.140000       325.295000
5     321.520000       325.295000
6     401.900000       325.283000
7     482.280000       325.302000
8     562.660000       325.341000
9     643.040000       325.349000
10     723.420000       325.349000
11     803.800000       325.425000
12     884.180000       325.535000
13     964.560000       325.575000
14     1044.940000       325.572000
15     1125.320000       325.628000
16     1205.700000       325.628000
17     1286.080000       326.211000
18     1366.460000       326.205000
19     1446.840000       326.507000
20     1527.220000       326.945000
21     1607.600000       327.466000
22     1687.980000       327.473000
CS4
1     0.000000       326.072000
2     81.140000       325.071000
3     162.280000       325.071000
4     243.430000       324.496000
5     324.570000       324.444000
6     405.710000       324.247000
7     486.850000       324.247000
8     567.990000       324.378000
9     649.130000       324.378000
10     730.280000       324.266000
11     811.420000       324.266000
12     892.560000       324.430000
13     973.700000       324.656000
14     1054.840000       324.759000
15     1135.990000       324.759000
16     1217.130000       324.806000
17     1298.270000       325.173000
18     1379.410000       325.173000
19     1460.550000       325.425000
20     1541.690000       325.173000
21     1622.840000       325.881000
22     1703.980000       325.881000
23     1785.120000       326.545000
24     1866.260000       325.881000
25     1947.400000       326.475000
26     2028.550000       326.545000
27     2109.690000       327.099000
28     2190.830000       327.722000
29     2271.970000       327.917000
CS5
1     0.000000       324.400000
2     74.420000       324.402000
3     148.840000       324.402000
4     223.260000       324.189000
5     297.680000       324.189000
6     372.090000       324.659000
7     446.510000       324.678000
8     520.930000       325.418000
CS6
1     0.000000       325.548000
2     81.000000       325.548000
3     162.010000       325.548000
4     243.010000       325.191000
5     324.020000       324.568000
6     405.020000       324.178000
7     486.020000       324.134000
8     567.030000       323.648000
9     648.030000       323.648000
10     729.040000       323.251000
11     810.040000       323.648000
12     891.040000       324.319000
CS7
1     0.000000       323.401000
2     80.420000       322.940000
3     160.830000       322.730000
4     241.250000       322.841000
5     321.660000       322.483000
6     402.080000       322.483000
7     482.490000       321.823000
8     562.910000       321.823000
9     643.320000       321.986000
10     723.740000       322.985000
11     804.160000       323.649000
12     884.570000       324.010000
13     964.990000       324.398000
CS8
1     0.000000       327.182000
2     78.740000       327.182000
3     157.480000       324.809000
4     236.220000       323.614000
5     314.970000       323.600000
6     393.710000       322.261000
7     472.450000       322.196000
8     551.190000       322.196000
9     629.930000       322.185000
10     708.670000       322.539000
11     787.420000       322.379000
12     866.160000       322.539000
13     944.900000       322.720000
14     1023.640000       322.752000
15     1102.380000       322.783000
16     1181.120000       322.756000
17     1259.870000       322.756000
18     1338.610000       322.767000
19     1417.350000       322.764000
20     1496.090000       322.763000
21     1574.830000       322.778000
22     1653.570000       322.748000
23     1732.310000       322.745000
24     1811.060000       322.745000
25     1889.800000       322.785000
26     1968.540000       322.612000
27     2047.280000       322.637000
28     2126.020000       322.545000
CS9
1     0.000000       324.196000
2     80.510000       324.199000
3     161.020000       324.199000
4     241.540000       323.209000
5     322.050000       322.748000
6     402.560000       321.926000
7     483.070000       322.382000
8     563.580000       322.271000
9     644.100000       321.257000
10     724.610000       321.162000
11     805.120000       320.872000
12     885.630000       320.671000
13     966.150000       320.536000
14     1046.660000       320.541000
15     1127.170000       321.034000
16     1207.680000       321.039000
17     1288.190000       322.093000
18     1368.710000       322.093000
19     1449.220000       322.318000
20     1529.730000       322.631000
21     1610.240000       322.803000
22     1690.750000       322.928000
23     1771.270000       322.930000
24     1851.780000       322.958000
25     1932.290000       322.958000
26     2012.800000       322.913000
27     2093.310000       322.915000
28     2173.830000       322.915000
29     2254.340000       322.915000
30     2334.850000       322.930000
31     2415.360000       322.930000
32     2495.880000       322.950000
33     2576.390000       323.005000
34     2656.900000       323.055000
35     2737.410000       323.179000
36     2817.920000       323.256000
37     2898.440000       323.619000
38     2978.950000       323.544000
39     3059.460000       323.647000
40     3139.970000       323.747000
CS10
1     0.000000       324.212000
2     79.940000       324.150000
3     159.890000       323.897000
4     239.830000       323.469000
5     319.780000       322.681000
6     399.720000       322.284000
7     479.670000       321.974000
8     559.610000       321.633000
9     639.560000       321.389000
10     719.500000       321.001000
11     799.450000       320.604000
12     879.390000       320.786000
13     959.340000       320.081000
14     1039.280000       319.814000
15     1119.230000       319.534000
16     1199.170000       319.150000
17     1279.110000       319.071000
18     1359.060000       319.071000
19     1439.000000       319.120000
20     1518.950000       319.460000
21     1598.890000       320.587000
22     1678.840000       320.948000
23     1758.780000       320.670000
24     1838.730000       321.074000
25     1918.670000       321.835000
26     1998.620000       322.028000
27     2078.560000       322.232000
28     2158.510000       322.141000
29     2238.450000       322.066000
30     2318.400000       322.155000
31     2398.340000       322.790000
32     2478.280000       323.252000
33     2558.230000       324.258000
34     2638.170000       325.383000
35     2718.120000       326.443000
36     2798.060000       327.529000
37     2878.010000       327.746000
CS11
1     0.000000       324.252000
2     77.930000       323.779000
3     155.870000       323.405000
4     233.800000       322.530000
5     311.740000       321.055000
6     389.670000       320.452000
7     467.610000       319.317000
8     545.540000       318.659000
9     623.480000       318.003000
10     701.410000       317.748000
11     779.340000       317.842000
12     857.280000       317.984000
13     935.210000       318.775000
14     1013.150000       319.932000
15     1091.080000       320.773000
16     1169.020000       321.609000
17     1246.950000       322.440000
CS12
1     0.000000       323.124000
2     82.570000       322.312000
3     165.130000       320.997000
4     247.700000       319.533000
5     330.260000       318.232000
6     412.830000       317.863000
7     495.400000       318.208000
8     577.960000       318.951000
9     660.530000       319.724000
10     743.100000       320.532000
11     825.660000       321.286000
12     908.230000       322.127000
13     990.790000       322.962000
14     1073.360000       323.139000
15     1155.930000       323.298000
CS13
1     0.000000       319.802000
2     79.080000       319.609000
3     158.150000       319.603000
4     237.230000       319.201000
5     316.310000       318.473000
6     395.380000       318.067000
7     474.460000       317.787000
8     553.540000       317.528000
9     632.610000       317.229000
10     711.690000       317.000000
11     790.770000       316.772000
12     869.840000       316.756000
13     948.920000       316.313000
14     1028.000000       316.036000
15     1107.070000       315.922000
16     1186.150000       315.671000
17     1265.230000       315.433000
18     1344.300000       315.794000
19     1423.380000       316.794000
20     1502.450000       317.983000
21     1581.530000       319.618000
22     1660.610000       320.982000
23     1739.680000       321.978000
24     1818.760000       322.639000
25     1897.840000       322.655000
26     1976.910000       322.680000
27     2055.990000       322.681000
28     2135.070000       322.607000
29     2214.140000       322.521000
30     2293.220000       322.397000
31     2372.300000       322.216000
32     2451.370000       322.331000
33     2530.450000       322.331000
34     2609.530000       322.331000
35     2688.600000       322.519000
36     2767.680000       323.436000
37     2846.760000       324.039000
38     2925.830000       324.429000
39     3004.910000       324.787000
40     3083.990000       325.053000
CS14
1     0.000000       318.105000
2     79.360000       317.480000
3     158.720000       316.927000
4     238.080000       316.376000
5     317.440000       316.111000
6     396.810000       315.927000
7     476.170000       316.331000
8     555.530000       317.324000
9     634.890000       318.207000
10     714.250000       319.346000
11     793.610000       320.441000
12     872.970000       321.156000
13     952.330000       321.817000
14     1031.700000       322.040000
15     1111.060000       322.118000
16     1190.420000       321.989000
17     1269.780000       321.872000
18     1349.140000       321.871000
19     1428.500000       321.787000
20     1507.860000       321.684000
21     1587.220000       321.543000
22     1666.590000       321.543000
23     1745.950000       321.543000
24     1825.310000       321.580000
25     1904.670000       321.580000
26     1984.030000       321.685000
CS15
1     0.000000       318.017000
2     79.620000       317.327000
3     159.240000       316.658000
4     238.850000       316.122000
5     318.470000       315.589000
6     398.090000       315.019000
7     477.710000       314.953000
8     557.320000       315.432000
9     636.940000       316.074000
10     716.560000       317.072000
11     796.180000       318.832000
12     875.800000       320.643000
13     955.410000       321.776000
14     1035.030000       323.033000
CS16
1     0.000000       323.594000
2     78.480000       322.754000
3     156.950000       321.919000
4     235.430000       320.664000
5     313.900000       319.096000
6     392.380000       317.560000
7     470.850000       316.280000
8     549.330000       315.001000
9     627.810000       314.209000
10     706.280000       313.861000
11     784.760000       313.499000
12     863.230000       313.459000
13     941.710000       313.400000
14     1020.180000       313.348000
15     1098.660000       313.461000
16     1177.140000       313.523000
17     1255.610000       313.685000
18     1334.090000       314.264000
19     1412.560000       314.870000
20     1491.040000       315.517000
21     1569.510000       315.989000
22     1647.990000       316.455000
CS17
1     0.000000       319.521000
2     79.480000       319.012000
3     158.950000       318.551000
4     238.430000       317.674000
5     317.900000       316.592000
6     397.380000       315.727000
7     476.850000       315.026000
8     556.330000       314.369000
9     635.800000       313.798000
10     715.280000       313.656000
11     794.750000       313.564000
12     874.230000       313.491000
13     953.700000       313.488000
14     1033.180000       313.599000
15     1112.650000       313.734000
16     1192.130000       313.996000
17     1271.600000       314.700000
18     1351.080000       315.709000
19     1430.550000       316.914000
20     1510.030000       318.159000
CS18
1     0.000000       318.251000
2     78.640000       317.658000
3     157.280000       317.065000
4     235.920000       316.418000
5     314.570000       315.467000
6     393.210000       314.524000
7     471.850000       314.311000
8     550.490000       314.461000
9     629.130000       314.775000
10     707.770000       315.632000
11     786.410000       316.619000
12     865.060000       317.643000
13     943.700000       318.711000
14     1022.340000       319.827000
15     1100.980000       320.477000
16     1179.620000       321.050000
17     1258.260000       321.156000
18     1336.900000       321.176000
19     1415.550000       321.172000
20     1494.190000       321.065000
21     1572.830000       320.900000
22     1651.470000       320.834000
23     1730.110000       320.854000
24     1808.750000       320.874000
25     1887.390000       320.978000
26     1966.040000       321.082000
CS19
1     0.000000       330.359000
2     79.730000       328.337000
3     159.470000       325.021000
4     239.200000       321.190000
5     318.930000       317.865000
6     398.670000       315.467000
7     478.400000       313.955000
8     558.130000       313.222000
9     637.870000       313.075000
10     717.600000       313.845000
11     797.330000       315.597000
12     877.070000       317.926000
13     956.800000       320.890000
14     1036.530000       323.862000
15     1116.270000       326.670000
16     1196.000000       327.700000
CS20
1     0.000000       323.438000
2     81.210000       323.004000
3     162.420000       322.297000
4     243.630000       320.971000
5     324.840000       319.443000
6     406.050000       317.754000
7     487.250000       316.023000
8     568.460000       314.384000
9     649.670000       312.907000
10     730.880000       311.964000
11     812.090000       311.152000
12     893.300000       311.110000
13     974.510000       311.079000
14     1055.720000       312.046000
15     1136.930000       312.988000
16     1218.140000       314.254000
17     1299.350000       316.353000
18     1380.550000       318.654000
19     1461.760000       320.550000
20     1542.970000       322.127000
CS21
1     0.000000       326.071000
2     79.400000       324.710000
3     158.800000       323.629000
4     238.200000       322.096000
5     317.600000       320.553000
6     397.000000       319.316000
7     476.400000       318.013000
8     555.800000       316.824000
9     635.200000       315.662000
10     714.600000       314.149000
11     794.000000       312.994000
12     873.400000       311.957000
13     952.800000       310.961000
14     1032.200000       310.791000
15     1111.600000       310.677000
16     1191.010000       310.720000
17     1270.410000       311.223000
18     1349.810000       311.848000
19     1429.210000       312.629000
20     1508.610000       313.569000
21     1588.010000       314.603000
22     1667.410000       315.737000
23     1746.810000       316.776000
24     1826.210000       317.776000
25     1905.610000       318.722000
26     1985.010000       319.625000
27     2064.410000       320.397000
28     2143.810000       321.049000
29     2223.210000       322.095000
30     2302.610000       322.946000
31     2382.010000       323.646000
CS22
1     0.000000       318.666000
2     80.000000       317.253000
3     160.000000       315.667000
4     240.000000       313.625000
5     320.000000       311.919000
6     399.990000       310.702000
7     479.990000       310.433000
8     559.990000       310.679000
9     639.990000       311.493000
10     719.990000       312.635000
11     799.990000       313.904000
12     879.990000       315.270000
13     959.990000       316.464000
14     1039.980000       317.358000
15     1119.980000       318.271000
16     1199.980000       318.730000
17     1279.980000       319.159000
18     1359.980000       319.326000
19     1439.980000       319.344000
20     1519.980000       319.342000
21     1599.980000       319.326000
22     1679.970000       319.124000
23     1759.970000       319.134000
24     1839.970000       319.189000
25     1919.970000       319.500000
26     1999.970000       319.982000
27     2079.970000       320.610000
28     2159.970000       321.864000
29     2239.970000       322.993000
30     2319.960000       323.778000
31     2399.960000       324.561000
CS23
1     0.000000       314.286000
2     78.430000       313.110000
3     156.860000       312.015000
4     235.290000       311.181000
5     313.720000       310.464000
6     392.150000       309.743000
7     470.580000       309.841000
8     549.010000       310.135000
9     627.440000       310.479000
10     705.870000       311.795000
11     784.300000       313.277000
12     862.730000       315.586000
13     941.150000       318.260000
14     1019.580000       319.837000
15     1098.010000       321.322000
CS24
1     0.000000       314.810000
2     78.600000       313.237000
3     157.200000       311.974000
4     235.800000       311.359000
5     314.410000       310.691000
6     393.010000       310.919000
7     471.610000       311.436000
8     550.210000       311.888000
9     628.810000       312.897000
10     707.410000       313.737000
11     786.010000       314.826000
12     864.610000       316.132000
13     943.220000       317.352000
14     1021.820000       318.785000
15     1100.420000       319.537000
16     1179.020000       320.457000
CS25
1     0.000000       330.238000
2     79.580000       328.966000
3     159.170000       327.562000
4     238.750000       325.905000
5     318.330000       323.778000
6     397.920000       322.592000
7     477.500000       320.813000
8     557.080000       319.930000
9     636.670000       318.707000
10     716.250000       318.035000
11     795.830000       316.851000
12     875.410000       316.251000
13     955.000000       315.852000
14     1034.580000       315.092000
15     1114.160000       314.412000
16     1193.750000       313.383000
17     1273.330000       312.045000
18     1352.910000       311.075000
19     1432.500000       310.230000
20     1512.080000       309.803000
21     1591.660000       309.951000
22     1671.250000       310.262000
23     1750.830000       311.117000
24     1830.410000       311.714000
25     1910.000000       312.444000
26     1989.580000       313.557000
27     2069.160000       314.043000
28     2148.740000       315.005000
29     2228.330000       315.701000
30     2307.910000       317.084000
31     2387.490000       317.486000
32     2467.080000       318.363000
33     2546.660000       319.486000
34     2626.240000       320.344000
35     2705.830000       320.482000
36     2785.410000       320.748000
37     2864.990000       322.232000
CS26
1     0.000000       324.529000
2     82.270000       323.763000
3     164.530000       322.379000
4     246.800000       320.035000
5     329.060000       317.251000
6     411.330000       315.509000
7     493.590000       313.695000
8     575.860000       312.035000
9     658.120000       311.046000
10     740.390000       310.122000
11     822.650000       309.469000
12     904.920000       308.425000
13     987.180000       307.726000
14     1069.450000       307.726000
15     1151.710000       309.472000
16     1233.980000       310.432000
CS27
1     0.000000       315.659000
2     80.230000       314.627000
3     160.470000       307.648000
4     240.700000       305.750000
5     320.930000       305.023000
6     401.160000       308.752000
7     481.400000       310.679000
8     561.630000       313.055000
9     641.860000       316.172000
10     722.100000       317.585000
11     802.330000       319.019000
12     882.560000       319.535000
13     962.790000       322.252000
14     1043.030000       324.343000
CS28
1     0.000000       318.947000
2     80.450000       319.129000
3     160.910000       314.055000
4     241.360000       310.285000
5     321.820000       306.043000
6     402.270000       302.254000
7     482.720000       302.620000
8     563.180000       302.679000
9     643.630000       305.102000
10     724.080000       310.423000
11     804.540000       318.543000
12     884.990000       320.827000
CS29
1     0.000000       314.519000
2     79.960000       310.101000
3     159.930000       303.745000
4     239.890000       300.191000
5     319.860000       298.531000
6     399.820000       298.930000
7     479.790000       301.692000
8     559.750000       306.000000
9     639.710000       309.165000
10     719.680000       313.365000
11     799.640000       313.941000
12     879.610000       315.359000
13     959.570000       316.660000
14     1039.540000       317.800000
15     1119.500000       318.530000
16     1199.460000       318.448000
17     1279.430000       318.223000
18     1359.390000       318.441000
19     1439.360000       318.486000
20     1519.320000       318.486000
21     1599.290000       318.285000
22     1679.250000       318.175000
23     1759.210000       318.068000
24     1839.180000       317.813000
25     1919.140000       318.021000
26     1999.110000       318.641000
27     2079.070000       319.058000
28     2159.040000       319.674000
29     2239.000000       319.827000
CS30
1     0.000000       317.507000
2     79.690000       317.798000
3     159.390000       310.998000
4     239.080000       310.364000
5     318.780000       304.675000
6     398.470000       305.998000
7     478.170000       302.534000
8     557.860000       300.734000
9     637.560000       300.995000
10     717.250000       298.782000
11     796.950000       301.128000
12     876.640000       302.681000
13     956.340000       301.775000
14     1036.030000       303.287000
15     1115.730000       306.687000
16     1195.420000       306.371000
17     1275.120000       311.380000
18     1354.810000       313.464000
19     1434.500000       313.339000
20     1514.200000       315.027000
21     1593.890000       315.945000
22     1673.590000       316.444000
23     1753.280000       316.124000
24     1832.980000       316.124000
25     1912.670000       316.002000
26     1992.370000       315.820000
27     2072.060000       315.493000
28     2151.760000       315.512000
29     2231.450000       315.174000
30     2311.150000       315.667000
31     2390.840000       315.823000
32     2470.540000       316.557000
33     2550.230000       317.811000
34     2629.930000       317.211000
35     2709.620000       318.832000
36     2789.320000       321.848000
37     2869.010000       322.709000
CS31
1     0.000000       324.620000
2     78.820000       324.620000
3     157.650000       322.302000
4     236.470000       318.702000
5     315.300000       318.702000
6     394.120000       315.732000
7     472.950000       315.257000
8     551.770000       310.875000
9     630.590000       311.228000
10     709.420000       308.453000
11     788.240000       307.249000
12     867.070000       305.543000
13     945.890000       303.881000
14     1024.720000       301.816000
15     1103.540000       299.354000
16     1182.360000       303.251000
17     1261.190000       312.658000
18     1340.010000       318.292000
CS32
1     0.000000       318.856000
2     81.920000       318.644000
3     163.830000       317.568000
4     245.750000       314.003000
5     327.670000       309.130000
6     409.580000       302.058000
7     491.500000       298.356000
8     573.420000       294.317000
9     655.330000       297.551000
10     737.250000       301.937000
11     819.170000       308.535000
12     901.080000       311.700000
13     983.000000       314.873000
CS33
1     0.000000       321.984000
2     83.810000       319.910000
3     167.610000       316.381000
4     251.420000       312.618000
5     335.220000       310.701000
6     419.030000       304.165000
7     502.830000       298.991000
8     586.640000       294.860000
9     670.440000       299.874000
10     754.250000       302.644000
11     838.050000       305.384000
